

|    variable     |     burn-control     |      burn-thin       |    thin-control    |
|:---------------:|:--------------------:|:--------------------:|:------------------:|
|  exotic-cover   |  1.83 (0.05, 0.96)   | -1.79 (-1.02, -0.04) | 1.96 (0.08, 0.91)  |
| exotic-richness |  2.50 (0.36, 1.72)   |  0.04 (-1.06, 1.11)  | 5.96 (0.99, 1.74)  |
|     f-cover     | -1.39 (-0.69, 0.06)  | -0.14 (-0.91, 0.77)  | 0.01 (-0.24, 0.25) |
|   f-richness    | -0.60 (-0.70, 0.32)  |  0.12 (-0.68, 0.79)  | 0.30 (-1.50, 2.17) |
|     g-cover     |  0.44 (-0.53, 0.92)  | -0.73 (-0.49, 0.19)  | 0.30 (-0.19, 0.28) |
|  native-cover   | -0.78 (-0.77, 0.28)  | -2.19 (-2.54, -0.36) | 1.95 (0.09, 1.06)  |
| native-richness |  0.91 (-0.24, 0.82)  | -0.64 (-1.22, 0.54)  | 1.90 (0.11, 1.45)  |
|     s-cover     | -2.14 (-1.05, -0.14) | -1.67 (-6.91, -0.05) | 1.31 (-0.56, 4.94) |
|   s-richness    | -1.12 (-1.37, 0.26)  | -1.15 (-10.93, 1.95) | 0.99 (-2.16, 8.69) |
|   total-cover   | -1.68 (-0.64, -0.01) | -1.16 (-1.23, 0.21)  | 0.27 (-0.37, 0.51) |
| total-richness  | -0.24 (-0.44, 0.33)  | -0.05 (-0.25, 0.24)  | 1.91 (0.11, 1.40)  |

Table: Standardized mean differences (z-values) and lower and upper confidence intervals at $\alpha = 0.1$.

